69111668664218273735741329454618783472911556
190304338858874382471410161714624983270302343345056358685679508345282398516482061485092711820274455333950061441934599041290454535566167882006935893616400363315206894112766422559579
38251297103497714132484161247760927260917905536477523773388868426355346605079985380939131192395
48530830379447537621248194264299059955146402249132724863170561103387495932861
33608989063392848643383695585633764756116387734560
5559177687283999746391399335268473896981083825188425221242475387095300
896518
6092028044464790202305208024998426441911715332532680031012058999503420865711248427622
8564940388827552635433951459
3869611908743
3384152238497267541927903908967176015587834530724618437062986350
360881471592580993412252533655860247333887974660150955491085308
20032027565195584920210075898043280178995610830
213987037669409456028704052543317858320882164122450965773770566770166791957243205056825266406194085679742575903949548160633915007086457850392713563539226861
3762297136417709167230731656660719766970987424264957320353148369895
13840470564608298227143574733837085356112446504246397742727253914964432865531093292
1297549050635751335163891647
31903977252842914921840946877771104201289809852688973061117251933799453757602095506953253572097208
50256359658960984989019375377783338289131730229696678592428032398127783497277149221669
997177728009898182449014828714936396690724613327348297803075927502007094781830083610532
98
152908123606007294887960445306201884294671004566254193824924275588897037310801762813
2307881499785220896911083895830268070616
15567886751607689842036283319048634744167301192958588998623732905173784956806761014531341
2226591187652890225691233048606057893044422969989534538264918909322567046818617949294756930960653429153514352426725951751038950600
9579573581542397696354615927287571279840085316745684323153225
1803941051075303415176533307608025088679418007425217966441
526199807136345703467365768148823600937150447695942638485
6752306227069362477285659553563128202787445583052863135762888985625429724683014468715935590835088435090554403
415294969040912019983153133134606224461538264121164174017423031005583742
2241318678789030048247126069943447211183030976775812669178553201575155
331775538021356004498843143159794885933089017037889494649956296411440746991431650293028
3756260396118406348757998056392380178723056056
35587780327577528400080274292915526062
3578894349559729586604729781598149691345
125568887233708359701806031025809264254189180660328196117712772928
56125624068019921859681036823936626174836852698
89861362087203
1389496953624259672783449096612935381091
736606258561599419765191717192798325494013290533381102423474397
3432592638921855873106214614952782502875812689582252730916399214362006063171465234932565067
61421994989629958585396341146951679777720695866452421464842243942542
99003238288330912809372959223478186558832566494956504043412221639238863461896
16195553618189096
154078080392937497491632202922315361050983401650884068248876470118575317578520319263957529560468102
679369462259952355561754116293142489297928025492306284
5636398092120480285292242409565153075872095270390126428714582391747300206180338782105397690951718261843195968288085395407897455332
56064037850646398774018349871316231120039222860515351299675235400566033160795202017227472
3109068872654362806194557205101788
6362490448226146671920588071605307204559561283883275215885249669155043329804
2433151987587592299988631571804915180543110227616421792350327159226358829974542072866193338655941657
270142032532929318032691136927900045991299598977878642301930157784429851088196703469623338920
5133528906900948406773798580024341711793608268553481232817812850955329882035459896
37946151268691618131373074949386016374876926563767127381132299583550200620165069235758184432427562098593558070
425926984394284512821140009073412
270188979167489771956729240824951127207242856536590519928177352907624519514621666696968623080596765975
75014276155532101696890714700406597493514277365537350726645596318223858655612925735720486540894300846460580113951056029696833995622387200
2940119912735
35746439392214962270001996777160465580239050429617
75434954802809211284230585042845442518865073837587711715820518241084118710206986718180565007529297003934600640824830
6556715375333750171588161240837963082430199428186564159236779695611184145542227100
31464738909708054228790224584722993744964903275838809635614333083
1901709366
11437371812929714297566
82473514331925586318786358635212520963740381513186703606552901753016069
825492525504756746445053936094905464723554845546960510272988925636301927412969053519767134266084
4625044113337682068760004321029396290396037415347554023011479514030
242990351215056084951949925675829149477155821181188900750048114325688808891820972784547072
922674372852528495
77099604608633690898320483574909064803686286699239538260686920358700865669856311852447259261669869
91015775711955751997741184955258905447296037545435800247
3619292
99
8506771703906901576167115725954261237983507312283574815789955205841086694700634257382854219957
3746805386592
586745504920043106529021602052722749805810069573012151445070
5255131327949894271159270903352
5499532695179276129431467589302482435065617996136973647859596
410794728055059949086414488350952930050180546660964771157321843226
828232407408006479350181428225872567267069269
428591625636968759405632397523479761048814071400220662663369700
67299661618686910959526738951952579623335565350222305464753251366831118445465011898196949190699352
365457466268447363662568709101617540352954923161298277909093210150040543158728310478314347206791133434785460111116624773437979327463109660680576093748581785497130240
20746483694481610767272424773755673701042029138769689974528437734619880798523657419257688935736481882874636784112203866679483197999939469771055775349729504852504
15153998547161531270496140773504617738319730769783338711352586519562754582669824035119211651403998837404854062934
76849667188653935576906299690182324483929867111207188582102304774384800348106374981823139492020130
43811414764884522873863061990733417713314161087409874260827462885197367574514906546259734063127320602468216
442751119974231389092884299602665997461546676954272817523250269873269251352012
2935157035425965987721409715530068720751615872
2030821376114961108898220791215042796345341664227581912819004439215857229715982968641250397128791491667103553401256505811361371870242511591035864109012316
303381541898907927342851404800
83172380596771839910396856677228913861157916933305743523839756899828460846822
5295030925367250
968
805427586229594989177765872653852440267253321765680116353851827572411791673362725873547298350
4810505885020113031409218807110929156746549719491886914990615964962521
236482897447782786260085774841906454601047520
7047851121514898474067382911696203770056036599337673629574600392643661377464218562646464249
2901583851864608635967992809516882392461488074667193833206229477044494274255830222685325
1252756480919656907867667490384668147442705214374496916708120946428175471945151346386296835749142142419947321781069708529391817686845944338747817627137315742040
